epoch: train_acc1 train_acc2 test_acc1 test_acc2 pure_ratio1 pure_ratio2
0: 0 0 0 0 0 0
1: 45.9375 46.21527777777778 32.8125 30.3125 79.13978494623655 79.17562724014336
2: 54.34027777777778 55.03472222222222 72.5 72.5 78.76138433515484 79.01639344262296
3: 55.138888888888886 55.798611111111114 73.125 70.3125 78.87005649717509 79.0207156308851
4: 55.729166666666664 55.59027777777778 71.25 73.4375 79.38697318007664 79.46360153256707
5: 56.701388888888886 56.80555555555556 72.1875 73.75 78.96825396825396 78.65079365079364
6: 56.666666666666664 56.63194444444444 72.1875 64.0625 79.5151515151515 79.3939393939394
7: 57.604166666666664 57.1875 73.125 70.3125 78.60082304526749 78.5185185185185
8: 57.53472222222222 57.53472222222222 71.25 73.75 78.11965811965811 78.03418803418805
9: 57.951388888888886 57.5 75.3125 74.0625 78.9542483660131 78.77995642701526
10: 57.74305555555556 57.951388888888886 72.8125 74.375 78.43137254901963 78.30065359477126
11: 57.673611111111114 57.638888888888886 74.375 73.75 78.38779956427017 78.25708061002179
12: 57.1875 57.673611111111114 71.5625 74.375 78.86710239651418 78.77995642701528
13: 57.84722222222222 57.8125 75.625 75.625 78.0392156862745 78.08278867102398
14: 57.708333333333336 57.916666666666664 76.25 75.3125 78.6492374727669 78.77995642701526
15: 58.333333333333336 58.229166666666664 75.0 75.9375 79.08496732026144 79.08496732026146
16: 58.36805555555556 57.951388888888886 75.9375 75.625 79.520697167756 79.08496732026146
17: 58.40277777777778 58.81944444444444 75.625 75.625 78.91067538126366 79.04139433551201
18: 58.19444444444444 58.333333333333336 76.25 75.625 79.38997821350763 79.56427015250546
19: 58.40277777777778 58.19444444444444 76.5625 75.0 79.38997821350762 79.34640522875817
20: 58.923611111111114 58.81944444444444 76.25 75.9375 79.4335511982571 79.30283224400873
21: 58.333333333333336 58.541666666666664 75.625 74.375 79.4335511982571 79.4335511982571
22: 58.229166666666664 58.229166666666664 75.9375 74.0625 79.34640522875819 79.43355119825709
23: 58.47222222222222 58.576388888888886 76.5625 75.9375 79.041394335512 78.91067538126362
24: 58.47222222222222 58.50694444444444 76.5625 75.625 78.56209150326798 78.86710239651417
25: 58.68055555555556 58.4375 74.375 75.3125 79.04139433551201 78.60566448801744
26: 58.541666666666664 58.229166666666664 74.6875 73.4375 78.64923747276688 78.38779956427015
27: 59.166666666666664 59.166666666666664 76.25 75.625 79.34640522875819 79.47712418300655
28: 58.15972222222222 58.40277777777778 75.9375 75.9375 79.04139433551198 79.2156862745098
29: 58.611111111111114 58.645833333333336 76.875 75.9375 79.12854030501092 79.17211328976036
30: 58.50694444444444 58.611111111111114 75.625 75.625 78.77995642701529 78.73638344226582
31: 58.333333333333336 58.298611111111114 76.5625 76.5625 79.21568627450982 79.30283224400873
32: 58.36805555555556 58.333333333333336 75.3125 76.25 78.91067538126363 78.91067538126363
33: 58.645833333333336 58.854166666666664 75.625 76.25 79.52069716775601 79.3464052287582
34: 58.645833333333336 59.02777777777778 75.9375 76.5625 79.30283224400871 79.25925925925927
35: 59.13194444444444 58.888888888888886 75.625 76.25 79.17211328976035 79.2156862745098
36: 58.99305555555556 59.30555555555556 75.3125 76.5625 78.86710239651418 78.82352941176471
37: 59.166666666666664 58.99305555555556 76.5625 75.9375 79.56427015250546 79.43355119825708
38: 58.47222222222222 58.50694444444444 75.9375 75.3125 78.4749455337691 78.4749455337691
39: 58.645833333333336 59.13194444444444 75.9375 76.25 79.73856209150327 79.73856209150328
40: 59.02777777777778 58.75 75.625 75.625 79.7385620915033 79.73856209150328
41: 58.958333333333336 59.166666666666664 76.5625 76.5625 79.30283224400871 79.2156862745098
42: 59.166666666666664 58.99305555555556 76.5625 76.875 79.08496732026146 79.25925925925928
43: 59.34027777777778 59.40972222222222 74.6875 75.0 79.17211328976039 79.65141612200439
44: 59.0625 58.78472222222222 76.5625 75.9375 79.95642701525057 79.82570806100222
45: 58.68055555555556 58.78472222222222 73.75 76.25 79.6078431372549 79.95642701525057
46: 58.923611111111114 59.166666666666664 76.875 75.9375 79.56427015250547 79.95642701525057
47: 59.09722222222222 59.02777777777778 75.9375 75.625 79.65141612200438 79.91285403050111
48: 59.201388888888886 59.72222222222222 75.3125 75.3125 79.82570806100219 80.04357298474947
49: 59.479166666666664 59.236111111111114 75.9375 75.3125 80.00000000000001 79.82570806100219
50: 59.375 59.44444444444444 75.625 76.25 80.21786492374729 80.6100217864924
51: 59.0625 58.645833333333336 74.375 72.5 81.30718954248368 81.48148148148152
52: 59.236111111111114 58.611111111111114 75.625 75.625 80.74074074074073 80.8714596949891
53: 59.201388888888886 58.958333333333336 75.9375 76.25 80.34858387799568 80.78431372549022
54: 59.40972222222222 59.34027777777778 75.0 75.9375 80.74074074074075 80.78431372549021
55: 58.75 58.923611111111114 75.3125 72.1875 80.52287581699349 80.52287581699349
56: 58.99305555555556 59.0625 76.25 75.3125 80.30501089324622 80.5228758169935
57: 59.375 59.375 73.4375 75.0 80.2178649237473 80.61002178649238
58: 59.30555555555556 59.375 77.1875 76.25 81.35076252723312 80.91503267973857
59: 59.02777777777778 59.236111111111114 76.25 75.9375 80.74074074074073 80.91503267973854
60: 59.13194444444444 59.513888888888886 68.125 66.5625 81.48148148148148 81.61220043572986
61: 59.44444444444444 59.548611111111114 75.0 75.625 81.0893246187364 81.04575163398692
62: 59.548611111111114 58.99305555555556 77.1875 76.25 80.82788671023967 81.04575163398695
63: 59.513888888888886 59.72222222222222 73.4375 76.25 81.43790849673204 81.6993464052288
64: 59.30555555555556 59.548611111111114 73.125 73.125 81.43790849673204 81.30718954248368
65: 59.791666666666664 59.548611111111114 73.4375 74.6875 81.30718954248366 81.00217864923746
66: 59.72222222222222 59.826388888888886 76.25 75.625 81.30718954248368 81.52505446623097
67: 60.3125 59.72222222222222 75.9375 76.5625 81.22004357298476 81.04575163398694
68: 60.0 59.93055555555556 75.625 75.625 81.78649237472769 82.00435729847494
69: 59.270833333333336 59.236111111111114 75.9375 76.5625 80.479302832244 80.65359477124183
70: 59.6875 59.583333333333336 75.625 76.875 81.30718954248367 81.35076252723313
71: 59.6875 59.548611111111114 75.0 75.3125 81.61220043572985 81.61220043572986
72: 59.861111111111114 59.93055555555556 74.6875 75.625 81.48148148148151 81.52505446623096
73: 60.173611111111114 59.93055555555556 74.6875 74.375 82.30936819172119 82.39651416122008
74: 59.44444444444444 59.791666666666664 72.5 75.3125 81.35076252723314 81.08932461873641
75: 59.6875 59.826388888888886 75.625 76.25 81.48148148148151 81.61220043572986
76: 59.72222222222222 59.548611111111114 75.0 75.625 82.13507625272332 82.17864923747278
77: 59.30555555555556 59.236111111111114 75.9375 76.5625 81.96078431372547 82.00435729847494
78: 59.479166666666664 59.513888888888886 75.3125 74.6875 82.09150326797388 81.74291938997824
79: 60.104166666666664 60.138888888888886 75.625 75.625 81.17647058823533 81.48148148148152
80: 59.72222222222222 60.24305555555556 77.1875 75.3125 81.74291938997824 81.8736383442266
81: 60.416666666666664 60.104166666666664 77.1875 76.875 82.70152505446623 82.5272331154684
82: 60.486111111111114 59.826388888888886 75.625 75.625 82.70152505446627 82.6579520697168
83: 60.104166666666664 60.173611111111114 77.1875 76.875 83.22440087145972 83.2679738562092
84: 59.6875 60.38194444444444 73.125 76.5625 82.96296296296299 83.05010893246188
85: 60.486111111111114 60.59027777777778 74.6875 75.9375 82.6579520697168 82.87581699346408
86: 60.138888888888886 60.104166666666664 74.0625 76.25 82.57080610021787 82.87581699346406
87: 60.06944444444444 60.416666666666664 76.25 75.625 82.91938997821352 82.83224400871458
88: 60.06944444444444 60.38194444444444 75.3125 73.75 82.83224400871462 82.61437908496738
89: 60.520833333333336 60.38194444444444 75.625 76.5625 83.35511982570804 83.35511982570804
90: 60.138888888888886 59.895833333333336 76.25 72.1875 83.22440087145971 83.18082788671026
91: 60.24305555555556 60.59027777777778 75.3125 75.625 83.35511982570807 83.09368191721134
92: 60.34722222222222 60.34722222222222 76.5625 76.25 83.39869281045753 83.66013071895425
93: 60.55555555555556 60.173611111111114 75.9375 75.9375 83.61655773420482 83.70370370370372
94: 60.55555555555556 60.03472222222222 75.625 76.25 83.79084967320263 84.05228758169935
95: 60.763888888888886 60.03472222222222 75.3125 75.625 83.6165577342048 83.70370370370372
96: 60.38194444444444 60.486111111111114 76.25 76.25 83.57298474945536 83.79084967320263
97: 60.65972222222222 60.3125 75.3125 75.625 82.8758169934641 82.74509803921572
98: 60.90277777777778 61.354166666666664 73.75 75.0 83.39869281045753 83.61655773420482
99: 60.416666666666664 60.451388888888886 72.8125 76.5625 83.09368191721134 83.00653594771244
100: 61.111111111111114 61.111111111111114 75.3125 75.0 83.92156862745098 84.05228758169935
101: 60.34722222222222 60.104166666666664 77.5 77.1875 84.09586056644883 83.83442265795209
102: 61.21527777777778 60.9375 75.625 75.625 84.05228758169937 84.05228758169937
103: 60.86805555555556 60.833333333333336 75.625 76.5625 84.44444444444446 84.48801742919389
104: 60.55555555555556 60.520833333333336 75.9375 75.625 83.921568627451 83.921568627451
105: 60.451388888888886 60.763888888888886 75.0 75.0 83.52941176470591 83.70370370370372
106: 61.52777777777778 61.31944444444444 76.5625 77.1875 84.00871459694991 84.22657952069719
107: 60.9375 61.145833333333336 75.0 75.0 83.83442265795206 84.13943355119825
108: 60.9375 60.798611111111114 75.3125 75.0 83.96514161220044 83.74727668845317
109: 60.9375 60.416666666666664 75.625 76.5625 83.92156862745098 83.61655773420479
110: 61.423611111111114 61.49305555555556 75.3125 74.375 84.22657952069716 83.92156862745097
111: 61.52777777777778 61.49305555555556 75.3125 75.0 83.7037037037037 83.92156862745097
112: 61.31944444444444 60.86805555555556 75.625 76.875 83.87799564270155 83.96514161220044
113: 61.18055555555556 61.31944444444444 74.6875 75.0 83.39869281045753 83.39869281045753
114: 61.84027777777778 61.52777777777778 73.4375 73.125 83.35511982570809 83.7037037037037
115: 61.388888888888886 61.458333333333336 74.375 75.0 83.83442265795206 83.57298474945532
116: 61.25 61.979166666666664 76.5625 76.5625 83.74727668845313 84.00871459694986
117: 61.701388888888886 62.25694444444444 75.625 74.6875 83.83442265795208 84.0087145969499
118: 62.291666666666664 62.25694444444444 76.25 75.3125 83.6165577342048 83.74727668845317
119: 61.458333333333336 61.145833333333336 77.1875 74.6875 83.61655773420479 83.66013071895426
120: 62.048611111111114 61.354166666666664 75.9375 76.25 83.57298474945532 83.52941176470587
121: 61.90972222222222 61.770833333333336 75.625 75.3125 83.79084967320264 83.70370370370372
122: 62.74305555555556 62.048611111111114 74.6875 75.0 84.05228758169933 84.09586056644879
123: 62.361111111111114 61.49305555555556 75.625 75.3125 83.66013071895426 83.66013071895426
124: 62.11805555555556 61.84027777777778 74.6875 75.3125 83.57298474945536 83.87799564270153
